A1 A2 A3 A4 A5

B1 B2 B3

A=
1 0.5 4 3 3
2 1 7 5 5
0.25 0.142851714 1 0.5 0.33333333
0.33333333 0.2 2 1 1
0.33333333 0.2 3 1 1

1 0.5 4 3 3 2 1 7 5 5 0.25 0.142851714 1 0.5 0.33333333 0.33333333 0.2 2 1 1 0.33333333 0.2 3 1 1

B1=
1 2 5
0.5 1 2
0.2 0.5 1

1 2 5 0.5 1 2 0.2 0.5 1

B2=
1 0.33333333 0.125
3 1 0.33333333
8 3 1

1 0.33333333 0.125 3 1 0.33333333 8 3 1

B3=
1 1 3
1 1 3
0.33333333 0.33333333 1

1 1 3 1 1 3 0.33333333 0.33333333 1

B4=
1 3 4
0.33333333 1 1
0.25 1 1

1 3 4 0.33333333 1 1 0.25 1 1

B5=
1 1 0.25
1 1 0.25
4 4 1

1 1 0.25 1 1 0.25 4 4 1